<?xml version="1.0"?>
<opencv_storage>
<k>
  2.5168275833129883e-01 -4.2417091131210327e-01 0. 0. 0.</k>
</opencv_storage>
