<?xml version="1.0"?>
<opencv_storage>
<K type_id="opencv-matrix">
  <rows>3</rows>
  <cols>3</cols>
  <dt>f</dt>
  <data>
    5.62834045e+02 0. 3.19500000e+02 0. 5.62834045e+02 2.39500000e+02 0.
    0. 1.</data></K>
</opencv_storage>
