<?xml version="1.0"?>
<opencv_storage>
<k>
  2.8828227519989014e-01 -6.3311630487442017e-01 -9.3564874259755015e-04
  1.6311748186126351e-03 0.</k>
</opencv_storage>
