<?xml version="1.0"?>
<opencv_storage>
<K type_id="opencv-matrix">
  <rows>3</rows>
  <cols>3</cols>
  <dt>f</dt>
  <data>
    5.59881592e+02 0. 3.16617249e+02 0. 5.59836182e+02 2.32406982e+02 0.
    0. 1.</data></K>
</opencv_storage>
